BLOCK SIZE: (1, 64), SPARSITY: 0.5, MAX ITER: 10, SHAPE: (200, 2000)
BLOCK                    TETRIS                   DIFF                     DIFF %                   TOTAL DIFF %             
1686.3046875000          1663.0760498047          23.2286376953            1.3774875402             1.3774875402             
1654.0197753906          1647.1226806641          6.8970947266             0.4169898629             2.3235425949             
1640.9445800781          1635.4897460938          5.4548339844             0.3324203789             3.0133903027             
1631.5620117188          1628.1813964844          3.3806152344             0.2072011530             3.4467844963             
1626.1644287109          1624.6566162109          1.5078125000             0.0927220210             3.6558084488             
1623.5976562500          1622.7314453125          0.8662109375             0.0533513315             3.7699737549             
1621.9515380859          1621.1972656250          0.7542724609             0.0465040058             3.8609523773             
1620.4320068359          1619.7601318359          0.6718750000             0.0414627083             3.9461760521             
1619.1689453125          1618.6254882812          0.5434570312             0.0335639492             4.0134620667             
1618.2459716797          1617.7880859375          0.4578857422             0.0282951891             4.0631213188             
BLOCK                    ORIG TETRIS              DIFF                     DIFF %                   TOTAL DIFF %             
1686.3046875000          1659.9193115234          26.3853759766            1.5646861792             1.5646861792             
1650.5401611328          1643.0921630859          7.4479980469             0.4512460828             2.5625574589             
1638.0488281250          1633.3303222656          4.7185058594             0.2880564928             3.1414468288             
1629.8076171875          1626.4724121094          3.3352050781             0.2046379745             3.5481295586             
1624.3981933594          1622.7207031250          1.6774902344             0.1032684147             3.7706108093             
1621.5878906250          1620.2453613281          1.3425292969             0.0827910230             3.9174015522             
1619.1612548828          1618.0909423828          1.0703125000             0.0661028922             4.0451612473             
1617.2839355469          1616.7425537109          0.5413818359             0.0334747545             4.1251225471             
1616.3337402344          1615.7961425781          0.5375976562             0.0332603119             4.1812458038             
1615.2099609375          1614.4681396484          0.7418212891             0.0459272340             4.2599978447             
