BLOCK SIZE: (1, 32), SPARSITY: 0.5, MAX ITER: 10, SHAPE: (200, 2000)
BLOCK                    TETRIS                   DIFF                     DIFF %                   TOTAL DIFF %             
1585.5036621094          1575.9687500000          9.5349121094             0.6013806462             0.6013806462             
1566.0806884766          1563.2802734375          2.8004150391             0.1788167804             1.4016611576             
1558.6350097656          1557.4958496094          1.1391601562             0.0730870366             1.7664932013             
1555.1927490234          1554.2187500000          0.9739990234             0.0626288280             1.9731843472             
1552.6295166016          1551.9729003906          0.6566162109             0.0422905944             2.1148335934             
1550.8118896484          1550.2919921875          0.5198974609             0.0335242115             2.2208507061             
1549.3287353516          1548.9353027344          0.3934326172             0.0253937468             2.3064191341             
1548.1009521484          1548.0028076172          0.0981445312             0.0063396730             2.3652329445             
1547.3439941406          1547.2158203125          0.1281738281             0.0082834736             2.4148693085             
1546.8248291016          1546.7613525391          0.0634765625             0.0041036685             2.4435331821             
BLOCK                    ORIG TETRIS              DIFF                     DIFF %                   TOTAL DIFF %             
1585.5036621094          1572.5655517578          12.9381103516            0.8160251975             0.8160251975             
1562.2138671875          1558.6273193359          3.5865478516             0.2295811027             1.6951296329             
1554.5802001953          1552.9008789062          1.6793212891             0.1080241054             2.0563044548             
1550.4136962891          1549.2781982422          1.1354980469             0.0732383952             2.2847921848             
1547.9479980469          1547.6903076172          0.2576904297             0.0166472271             2.3849427700             
1547.1848144531          1547.0739746094          0.1108398438             0.0071639689             2.4238157272             
1546.7747802734          1546.7590332031          0.0157470703             0.0010180584             2.4436795712             
1546.7032470703          1546.6812744141          0.0219726562             0.0014206122             2.4485838413             
1546.5541992188          1546.5447998047          0.0093994141             0.0006077649             2.4571917057             
1546.4691162109          1546.4675292969          0.0015869141             0.0001026153             2.4620652199             
