BLOCK SIZE: (1, 4), SPARSITY: 0.5, MAX ITER: 10, SHAPE: (2, 1000)
BLOCK                    TETRIS                   DIFF                     DIFF %                   TOTAL DIFF %             
6.3457107544             4.1452622414             2.2004485130             34.6761550903            34.6761550903            
4.1452622414             4.1449680328             0.0002942085             0.0070974645             34.6807937622            
4.1449680328             4.1449675560             0.0000004768             0.0000115040             34.6807975769            
4.1449675560             4.1449680328             -0.0000004768            -0.0000115040            34.6807937622            
4.1449680328             4.1449680328             0.0000000000             0.0000000000             34.6807937622            
4.1449680328             4.1449675560             0.0000004768             0.0000115040             34.6807975769            
4.1449675560             4.1449675560             0.0000000000             0.0000000000             34.6807975769            
4.1449675560             4.1449680328             -0.0000004768            -0.0000115040            34.6807937622            
4.1449680328             4.1449680328             0.0000000000             0.0000000000             34.6807937622            
4.1449680328             4.1449675560             0.0000004768             0.0000115040             34.6807975769            
BLOCK                    ORIG TETRIS              DIFF                     DIFF %                   TOTAL DIFF %             
6.3457107544             4.1449680328             2.2007427216             34.6807937622            34.6807937622            
4.1449680328             4.1449680328             0.0000000000             0.0000000000             34.6807937622            
4.1449680328             4.1449680328             0.0000000000             0.0000000000             34.6807937622            
4.1449680328             4.1449680328             0.0000000000             0.0000000000             34.6807937622            
4.1449680328             4.1449680328             0.0000000000             0.0000000000             34.6807937622            
4.1449680328             4.1449680328             0.0000000000             0.0000000000             34.6807937622            
4.1449680328             4.1449680328             0.0000000000             0.0000000000             34.6807937622            
4.1449680328             4.1449680328             0.0000000000             0.0000000000             34.6807937622            
4.1449680328             4.1449680328             0.0000000000             0.0000000000             34.6807937622            
4.1449680328             4.1449680328             0.0000000000             0.0000000000             34.6807937622            
