celkovo sa zlepsuje, len lokalne diffy su zhorsenie oproti najdenej najlepsej maske, to ale dava zmysel, lebo nedavame najlepsiu permutaciu

BLOCK SIZE: (1, 32), SPARSITY: 0.5, MAX ITER: 50, SHAPE: (200, 4000)
BLOCK                    TETRIS                   DIFF                     DIFF %                   TOTAL DIFF %             
3128.4348144531          3114.5278320312          13.9069824219            0.4445348382             0.4445348382             
3093.8666992188          3089.0915527344          4.7751464844             0.1543423533             1.2576020956             
3077.3098144531          3075.0976562500          2.2121582031             0.0718861073             1.7049150467             
3066.3918457031          3065.4255371094          0.9663085938             0.0315128863             2.0140831470             
3059.1862792969          3058.9887695312          0.1975097656             0.0064562848             2.2198336124             
3053.3002929688          3053.2519531250          0.0483398438             0.0015831998             2.4032101631             
3048.8911132812          3049.2770996094          -0.3859863281            -0.0126598924            2.5302658081             
3045.4135742188          3045.4594726562          -0.0458984375            -0.0015071331            2.6522955894             
3042.3125000000          3042.8562011719          -0.5437011719            -0.0178713128            2.7355089188             
3039.9997558594          3040.6149902344          -0.6152343750            -0.0202379748            2.8071489334             
3037.9377441406          3038.5183105469          -0.5805664062            -0.0191105437            2.8741688728             
3035.9780273438          3036.5405273438          -0.5625000000            -0.0185278021            2.9373886585             
3034.5422363281          3034.8190917969          -0.2768554688            -0.0091234669            2.9924142361             
3032.9379882812          3033.2856445312          -0.3476562500            -0.0114626894            3.0414304733             
3031.5007324219          3031.7175292969          -0.2167968750            -0.0071514705            3.0915551186             
3029.7187500000          3030.2622070312          -0.5434570312            -0.0179375410            3.1380743980             
3028.6645507812          3029.1616210938          -0.4970703125            -0.0164121948            3.1732544899             
3027.7778320312          3028.2985839844          -0.5207519531            -0.0171991475            3.2008414268             
3027.2299804688          3027.8723144531          -0.6423339844            -0.0212185383            3.2144670486             
3026.8027343750          3027.3303222656          -0.5275878906            -0.0174305346            3.2317914963             
3026.2517089844          3026.7189941406          -0.4672851562            -0.0154410535            3.2513325214             
3025.7927246094          3026.5830078125          -0.7902832031            -0.0261182189            3.2556793690             
3025.2397460938          3025.6635742188          -0.4238281250            -0.0140097374            3.2850689888             
3024.7978515625          3025.7207031250          -0.9228515625            -0.0305095278            3.2832429409             
3024.2678222656          3024.8461914062          -0.5783691406            -0.0191242695            3.3111963272             
3023.5024414062          3023.9213867188          -0.4189453125            -0.0138562918            3.3407576084             
3022.3879394531          3023.0681152344          -0.6801757812            -0.0225045811            3.3680324554             
3021.8781738281          3022.6398925781          -0.7617187500            -0.0252067987            3.3817205429             
3021.4353027344          3021.9182128906          -0.4829101562            -0.0159828067            3.4047889709             
3020.6047363281          3020.8764648438          -0.2717285156            -0.0089958319            3.4380884171             
3019.9682617188          3020.4436035156          -0.4753417969            -0.0157399606            3.4519248009             
3019.4677734375          3019.8264160156          -0.3586425781            -0.0118776755            3.4716527462             
3018.8505859375          3019.4699707031          -0.6193847656            -0.0205172393            3.4830465317             
3018.6491699219          3019.0693359375          -0.4201660156            -0.0139190070            3.4958529472             
3018.3066406250          3018.8229980469          -0.5163574219            -0.0171075203            3.5037271976             
3017.8811035156          3018.3935546875          -0.5124511719            -0.0169804953            3.5174541473             
3017.4277343750          3017.9116210938          -0.4838867188            -0.0160363987            3.5328588486             
3016.9487304688          3017.5056152344          -0.5568847656            -0.0184585433            3.5458371639             
3016.6596679688          3017.1555175781          -0.4958496094            -0.0164370425            3.5570278168             
3016.1279296875          3016.9304199219          -0.8024902344            -0.0266066380            3.5642228127             
3015.6809082031          3016.2243652344          -0.5434570312            -0.0180210397            3.5867917538             
3015.3627929688          3015.6179199219          -0.2551269531            -0.0084609045            3.6061768532             
3014.8305664062          3015.2114257812          -0.3808593750            -0.0126328608            3.6191706657             
3014.6413574219          3015.0136718750          -0.3723144531            -0.0123502072            3.6254916191             
3014.3518066406          3014.6628417969          -0.3110351562            -0.0103184758            3.6367058754             
3013.8515625000          3014.4228515625          -0.5712890625            -0.0189554486            3.6443769932             
3013.5966796875          3013.9392089844          -0.3425292969            -0.0113661289            3.6598365307             
3013.1198730469          3013.5949707031          -0.4750976562            -0.0157676321            3.6708402634             
3012.6984863281          3013.1608886719          -0.4624023438            -0.0153484438            3.6847155094             
3012.4433593750          3012.7646484375          -0.3212890625            -0.0106653981            3.6973814964             
AFTER_SWAP               DIFF                     DIFF %                   TOTAL DIFF AFTER TETRIS %TOTAL DIFF %             
