BLOCK SIZE: (1, 32), SPARSITY: 0.5, MAX ITER: 15, SHAPE: (200, 2000)
BLOCK                    TETRIS                   DIFF                     DIFF %                   TOTAL DIFF %             
1585.5036621094          1575.9687500000          9.5349121094             0.6013806462             0.6013806462             
1566.0806884766          1563.2802734375          2.8004150391             0.1788167804             1.4016611576             
1558.6350097656          1557.4958496094          1.1391601562             0.0730870366             1.7664932013             
1555.1927490234          1554.2187500000          0.9739990234             0.0626288280             1.9731843472             
1552.6295166016          1551.9729003906          0.6566162109             0.0422905944             2.1148335934             
1550.8118896484          1550.2919921875          0.5198974609             0.0335242115             2.2208507061             
1549.3287353516          1548.9353027344          0.3934326172             0.0253937468             2.3064191341             
1548.1009521484          1548.0028076172          0.0981445312             0.0063396730             2.3652329445             
1547.3439941406          1547.2158203125          0.1281738281             0.0082834736             2.4148693085             
1546.8248291016          1546.7613525391          0.0634765625             0.0041036685             2.4435331821             
1546.4862060547          1546.3592529297          0.1269531250             0.0082091345             2.4688942432             
1546.0605468750          1546.0123291016          0.0482177734             0.0031187509             2.4907753468             
1545.8353271484          1545.8354492188          -0.0001220703            -0.0000078967            2.5019314289             
1545.8354492188          1545.8353271484          0.0001220703             0.0000078967             2.5019390583             
1545.8353271484          1545.8353271484          0.0000000000             0.0000000000             2.5019390583             
AFTER_SWAP               DIFF                     DIFF %                   TOTAL DIFF AFTER TETRIS %TOTAL DIFF %             
1542.8939208984          2.9414062500             0.1902793944             0.1902793944             2.6874577999             
1537.6345214844          5.2593994141             0.3408788741             0.5305096507             3.0191757679             
1531.9661865234          5.6683349609             0.3686399460             0.8971939087             3.3766858578             
1528.8505859375          3.1156005859             0.2033726722             1.0987420082             3.5731911659             
1527.0836181641          1.7669677734             0.1155749187             1.2130470276             3.6846361160             
1523.6389160156          3.4447021484             0.2255738974             1.4358845949             3.9018983841             
1520.6738281250          2.9650878906             0.1946056783             1.6276959181             4.0889110565             
1520.5419921875          0.1318359375             0.0086695738             1.6362243891             4.0972261429             
1519.9907226562          0.5512695312             0.0362548046             1.6718860865             4.1319956779             
1519.2989501953          0.6917724609             0.0455116257             1.7166366577             4.1756262779             
1518.5745849609          0.7243652344             0.0476775989             1.7634958029             4.2213134766             
1517.1247558594          1.4498291016             0.0954730287             1.8572852612             4.3127560616             
1516.8283691406          0.2963867188             0.0195360817             1.8764585257             4.3314499855             
1515.7369384766          1.0914306641             0.0719547942             1.9470629692             4.4002881050             
1514.3132324219          1.4237060547             0.0939283073             2.0391623974             4.4900832176             
1514.3052978516          0.0079345703             0.0005239715             2.0396757126             4.4905834198             
1514.4484863281          -0.1431884766            -0.0094557200            2.0304131508             4.4815521240             
1512.5898437500          1.8586425781             0.1227273643             2.1506483555             4.5987796783             
1511.4477539062          1.1420898438             0.0755055845             2.2245299816             4.6708130836             
1511.6408691406          -0.1931152344            -0.0127768377            2.2120375633             4.6586327553             
1510.0998535156          1.5410156250             0.1019432321             2.3117256165             4.7558264732             
1511.3596191406          -1.2597656250            -0.0834226757            2.2302317619             4.6763715744             
1509.7656250000          1.5939941406             0.1054675654             2.3333468437             4.7769069672             
1508.9091796875          0.8564453125             0.0567270368             2.3887503147             4.8309245110             
1508.5133056641          0.3958740234             0.0262357760             2.4143595695             4.8558926582             
1508.0821533203          0.4311523438             0.0285812747             2.4422507286             4.8830857277             
1508.3920898438          -0.3099365234            -0.0205517001            2.4222009182             4.8635377884             
1508.8166503906          -0.4245605469            -0.0281465650            2.3947362900             4.8367605209             
1508.7806396484          0.0360107422             0.0023866878             2.3970656395             4.8390312195             
1509.1588134766          -0.3781738281            -0.0250648651            2.3726015091             4.8151793480             
1509.1525878906          0.0062255859             0.0004125203             2.3730044365             4.8155722618             
1509.4589843750          -0.3063964844            -0.0203025509            2.3531835079             4.7962474823             
1508.6032714844          0.8557128906             0.0566900410             2.4085395336             4.8502182961             
1507.8552246094          0.7480468750             0.0495853946             2.4569306374             4.8973989487             
1508.9703369141          -1.1151123047            -0.0739535391            2.3847942352             4.8270673752             
1508.2509765625          0.7193603516             0.0476722680             2.4313294888             4.8724384308             
1508.2883300781          -0.0373535156            -0.0024766114            2.4289131165             4.8700819016             
1508.0573730469          0.2309570312             0.0153125245             2.4438538551             4.8846492767             
1506.3519287109          1.7054443359             0.1130888239             2.5541787148             4.9922137260             
1506.2648925781          0.0870361328             0.0057779416             2.5598092079             4.9977035522             
1507.3721923828          -1.1072998047            -0.0735129490            2.4881780148             4.9278640747             
1506.1280517578          1.2441406250             0.0825370550             2.5686614513             5.0063343048             
1506.0655517578          0.0625000000             0.0041497136             2.5727045536             5.0102758408             
1505.4158935547          0.6496582031             0.0431361161             2.6147310734             5.0512509346             
1504.3020019531          1.1138916016             0.0739922896             2.6867885590             5.1215057373             
1505.8254394531          -1.5234375000            -0.1012720540            2.5882375240             5.0254201889             
1506.1545410156          -0.3291015625            -0.0218552258            2.5669476986             5.0046634674             
1505.4837646484          0.6707763672             0.0445356928             2.6103403568             5.0469698906             
1507.0817871094          -1.5980224609            -0.1061467826            2.5069642067             4.9461808205             
1505.9024658203          1.1793212891             0.0782519728             2.5832545757             5.0205621719             
