BLOCK SIZE: (1, 32), SPARSITY: 0.5, MAX ITER: 50, SHAPE: (200, 2000)
BLOCK                    TETRIS                   DIFF                     DIFF %                   TOTAL DIFF %             
1585.5036621094          1575.9687500000          9.5349121094             0.6013806462             0.6013806462             
1566.0806884766          1563.2802734375          2.8004150391             0.1788167804             1.4016611576             
1558.6350097656          1557.4958496094          1.1391601562             0.0730870366             1.7664932013             
1555.1927490234          1554.2187500000          0.9739990234             0.0626288280             1.9731843472             
1552.6295166016          1551.9729003906          0.6566162109             0.0422905944             2.1148335934             
1550.8118896484          1550.2919921875          0.5198974609             0.0335242115             2.2208507061             
1549.3287353516          1548.9353027344          0.3934326172             0.0253937468             2.3064191341             
1548.1009521484          1548.0028076172          0.0981445312             0.0063396730             2.3652329445             
1547.3439941406          1547.2158203125          0.1281738281             0.0082834736             2.4148693085             
1546.8248291016          1546.7613525391          0.0634765625             0.0041036685             2.4435331821             
1546.4862060547          1546.3592529297          0.1269531250             0.0082091345             2.4688942432             
1546.0605468750          1546.0123291016          0.0482177734             0.0031187509             2.4907753468             
1545.8353271484          1545.8354492188          -0.0001220703            -0.0000078967            2.5019314289             
1545.8354492188          1545.8353271484          0.0001220703             0.0000078967             2.5019390583             
1545.8353271484          1545.8353271484          0.0000000000             0.0000000000             2.5019390583             
1545.8353271484          1545.8353271484          0.0000000000             0.0000000000             2.5019390583             
1545.8353271484          1545.8353271484          0.0000000000             0.0000000000             2.5019390583             
1545.8353271484          1545.8353271484          0.0000000000             0.0000000000             2.5019390583             
1545.8353271484          1545.8354492188          -0.0001220703            -0.0000078967            2.5019314289             
1545.8354492188          1545.8353271484          0.0001220703             0.0000078967             2.5019390583             
1545.8353271484          1545.8353271484          0.0000000000             0.0000000000             2.5019390583             
1545.8353271484          1545.8353271484          0.0000000000             0.0000000000             2.5019390583             
1545.8353271484          1545.8354492188          -0.0001220703            -0.0000078967            2.5019314289             
1545.8354492188          1545.8353271484          0.0001220703             0.0000078967             2.5019390583             
1545.8353271484          1545.8354492188          -0.0001220703            -0.0000078967            2.5019314289             
1545.8354492188          1545.8353271484          0.0001220703             0.0000078967             2.5019390583             
1545.8353271484          1545.8353271484          0.0000000000             0.0000000000             2.5019390583             
1545.8353271484          1545.8353271484          0.0000000000             0.0000000000             2.5019390583             
1545.8353271484          1545.8353271484          0.0000000000             0.0000000000             2.5019390583             
1545.8353271484          1545.8353271484          0.0000000000             0.0000000000             2.5019390583             
1545.8353271484          1545.8354492188          -0.0001220703            -0.0000078967            2.5019314289             
1545.8354492188          1545.8353271484          0.0001220703             0.0000078967             2.5019390583             
1545.8353271484          1545.8353271484          0.0000000000             0.0000000000             2.5019390583             
1545.8353271484          1545.8353271484          0.0000000000             0.0000000000             2.5019390583             
1545.8353271484          1545.8354492188          -0.0001220703            -0.0000078967            2.5019314289             
1545.8354492188          1545.8353271484          0.0001220703             0.0000078967             2.5019390583             
1545.8353271484          1545.8354492188          -0.0001220703            -0.0000078967            2.5019314289             
1545.8354492188          1545.8353271484          0.0001220703             0.0000078967             2.5019390583             
1545.8353271484          1545.8353271484          0.0000000000             0.0000000000             2.5019390583             
1545.8353271484          1545.8353271484          0.0000000000             0.0000000000             2.5019390583             
1545.8353271484          1545.8353271484          0.0000000000             0.0000000000             2.5019390583             
1545.8353271484          1545.8353271484          0.0000000000             0.0000000000             2.5019390583             
1545.8353271484          1545.8354492188          -0.0001220703            -0.0000078967            2.5019314289             
1545.8354492188          1545.8353271484          0.0001220703             0.0000078967             2.5019390583             
1545.8353271484          1545.8353271484          0.0000000000             0.0000000000             2.5019390583             
1545.8353271484          1545.8353271484          0.0000000000             0.0000000000             2.5019390583             
1545.8353271484          1545.8354492188          -0.0001220703            -0.0000078967            2.5019314289             
1545.8354492188          1545.8353271484          0.0001220703             0.0000078967             2.5019390583             
1545.8353271484          1545.8354492188          -0.0001220703            -0.0000078967            2.5019314289             
1545.8354492188          1545.8353271484          0.0001220703             0.0000078967             2.5019390583             
BLOCK                    ORIG TETRIS              DIFF                     DIFF %                   TOTAL DIFF %             
