BLOCK SIZE: (1, 64), SPARSITY: 0.5, MAX ITER: 50, SHAPE: (200, 2000)
BLOCK                    TETRIS                   DIFF                     DIFF %                   TOTAL DIFF %             
1686.3046875000          1663.0760498047          23.2286376953            1.3774875402             1.3774875402             
1654.0197753906          1647.1226806641          6.8970947266             0.4169898629             2.3235425949             
1640.9445800781          1635.4897460938          5.4548339844             0.3324203789             3.0133903027             
1631.5620117188          1628.1813964844          3.3806152344             0.2072011530             3.4467844963             
1626.1644287109          1624.6566162109          1.5078125000             0.0927220210             3.6558084488             
1623.5976562500          1622.7314453125          0.8662109375             0.0533513315             3.7699737549             
1621.9515380859          1621.1972656250          0.7542724609             0.0465040058             3.8609523773             
1620.4320068359          1619.7601318359          0.6718750000             0.0414627083             3.9461760521             
1619.1689453125          1618.6254882812          0.5434570312             0.0335639492             4.0134620667             
1618.2459716797          1617.7880859375          0.4578857422             0.0282951891             4.0631213188             
1617.4027099609          1617.1566162109          0.2460937500             0.0152153661             4.1005682945             
1616.7889404297          1616.4420166016          0.3469238281             0.0214575827             4.1429448128             
1616.1264648438          1615.9112548828          0.2152099609             0.0133164050             4.1744194031             
1615.7940673828          1615.6857910156          0.1082763672             0.0067011244             4.1877899170             
1615.5490722656          1615.4584960938          0.0905761719             0.0056065256             4.2012686729             
1615.2775878906          1614.9898681641          0.2877197266             0.0178124011             4.2290592194             
1614.7219238281          1614.4669189453          0.2550048828             0.0157924946             4.2600708008             
1614.1494140625          1613.8724365234          0.2769775391             0.0171593484             4.2953243256             
1613.5616455078          1613.3542480469          0.2073974609             0.0128533952             4.3260531425             
1612.8577880859          1612.5295410156          0.3282470703             0.0203518905             4.3749594688             
1612.2934570312          1612.0096435547          0.2838134766             0.0176030919             4.4057903290             
1611.7590332031          1611.5128173828          0.2462158203             0.0152762178             4.4352521896             
1611.3164062500          1611.0200195312          0.2963867188             0.0183940735             4.4644756317             
1610.6462402344          1610.2683105469          0.3779296875             0.0234644767             4.5090532303             
1609.8955078125          1609.7958984375          0.0996093750             0.0061873193             4.5370678902             
1609.6549072266          1609.5211181641          0.1337890625             0.0083116610             4.5533628464             
1609.3186035156          1609.1893310547          0.1292724609             0.0080327457             4.5730381012             
1608.9927978516          1608.8166503906          0.1761474609             0.0109476857             4.5951385498             
1608.6403808594          1608.5035400391          0.1368408203             0.0085066138             4.6137065887             
1608.4207763672          1608.3654785156          0.0552978516             0.0034380213             4.6218934059             
1608.3076171875          1608.2768554688          0.0307617188             0.0019126763             4.6271491051             
1608.2656250000          1608.2225341797          0.0430908203             0.0026793347             4.6303706169             
1608.2117919922          1608.2052001953          0.0065917969             0.0004098836             4.6313982010             
1608.1774902344          1608.1582031250          0.0192871094             0.0011993147             4.6341853142             
1608.1072998047          1608.0385742188          0.0687255859             0.0042736940             4.6412796974             
1608.0155029297          1607.9899902344          0.0255126953             0.0015865951             4.6441607475             
1607.9534912109          1607.9035644531          0.0499267578             0.0031049876             4.6492857933             
1607.8439941406          1607.8099365234          0.0340576172             0.0021182164             4.6548380852             
1607.7501220703          1607.6955566406          0.0545654297             0.0033938999             4.6616206169             
1607.6528320312          1607.6315917969          0.0212402344             0.0013211953             4.6654138565             
1607.6116943359          1607.5953369141          0.0163574219             0.0010174983             4.6675639153             
1607.5489501953          1607.5091552734          0.0397949219             0.0024755029             4.6726746559             
1607.4071044922          1607.3854980469          0.0216064453             0.0013441801             4.6800079346             
1607.3574218750          1607.3048095703          0.0526123047             0.0032732175             4.6847925186             
1607.2762451172          1607.2614746094          0.0147705078             0.0009189775             4.6873626709             
1607.2487792969          1607.2360839844          0.0126953125             0.0007898785             4.6888685226             
1607.2071533203          1607.1477050781          0.0594482422             0.0036988538             4.6941089630             
1607.1064453125          1607.0866699219          0.0197753906             0.0012304967             4.6977286339             
1607.0709228516          1607.0446777344          0.0262451172             0.0016331027             4.7002186775             
1607.0195312500          1606.9953613281          0.0241699219             0.0015040217             4.7031431198             
BLOCK                    ORIG TETRIS              DIFF                     DIFF %                   TOTAL DIFF %             
1686.3046875000          1659.9193115234          26.3853759766            1.5646861792             1.5646861792             
1650.5401611328          1643.0921630859          7.4479980469             0.4512460828             2.5625574589             
1638.0488281250          1633.3303222656          4.7185058594             0.2880564928             3.1414468288             
1629.8076171875          1626.4724121094          3.3352050781             0.2046379745             3.5481295586             
1624.3981933594          1622.7207031250          1.6774902344             0.1032684147             3.7706108093             
1621.5878906250          1620.2453613281          1.3425292969             0.0827910230             3.9174015522             
1619.1612548828          1618.0909423828          1.0703125000             0.0661028922             4.0451612473             
1617.2839355469          1616.7425537109          0.5413818359             0.0334747545             4.1251225471             
1616.3337402344          1615.7961425781          0.5375976562             0.0332603119             4.1812458038             
1615.2099609375          1614.4681396484          0.7418212891             0.0459272340             4.2599978447             
1614.0172119141          1613.3590087891          0.6582031250             0.0407804251             4.3257708549             
1613.0427246094          1612.5908203125          0.4519042969             0.0280156434             4.3713254929             
1612.2130126953          1611.9246826172          0.2883300781             0.0178841166             4.4108281136             
1611.6380615234          1611.3590087891          0.2790527344             0.0173148513             4.4443736076             
1611.2075195312          1611.0679931641          0.1395263672             0.0086597390             4.4616312981             
1610.9467773438          1610.7947998047          0.1519775391             0.0094340509             4.4778318405             
1610.6412353516          1610.5344238281          0.1068115234             0.0066316146             4.4932723045             
1610.4759521484          1610.3256835938          0.1502685547             0.0093306927             4.5056509972             
1610.1676025391          1610.0137939453          0.1538085938             0.0095523344             4.5241465569             
1609.8623046875          1609.7657470703          0.0965576172             0.0059978804             4.5388560295             
1609.6944580078          1609.6040039062          0.0904541016             0.0056193336             4.5484476089             
1609.5595703125          1609.5009765625          0.0585937500             0.0036403590             4.5545568466             
1609.4550781250          1609.3331298828          0.1219482422             0.0075769895             4.5645108223             
1609.1732177734          1609.0977783203          0.0754394531             0.0046880879             4.5784673691             
1609.0151367188          1608.9630126953          0.0521240234             0.0032394987             4.5864591599             
1608.8966064453          1608.7502441406          0.1463623047             0.0090970611             4.5990762711             
1608.6533203125          1608.3720703125          0.2812500000             0.0174835697             4.6215028763             
1608.1921386719          1608.0432128906          0.1489257812             0.0092604468             4.6410040855             
1608.0130615234          1607.9810791016          0.0319824219             0.0019889404             4.6446890831             
1607.9510498047          1607.9393310547          0.0117187500             0.0007288001             4.6471648216             
1607.9298095703          1607.9251708984          0.0046386719             0.0002884872             4.6480045319             
1607.9155273438          1607.8081054688          0.1074218750             0.0066808155             4.6549463272             
1607.7770996094          1607.6983642578          0.0787353516             0.0048971558             4.6614542007             
1607.6635742188          1607.5895996094          0.0739746094             0.0046013738             4.6679043770             
1607.5727539062          1607.5554199219          0.0173339844             0.0010782706             4.6699309349             
1607.5321044922          1607.5321044922          0.0000000000             0.0000000000             4.6713137627             
1607.5321044922          1607.5321044922          0.0000000000             0.0000000000             4.6713137627             
1607.5321044922          1607.5321044922          0.0000000000             0.0000000000             4.6713137627             
1607.5321044922          1607.5321044922          0.0000000000             0.0000000000             4.6713137627             
1607.5321044922          1607.5321044922          0.0000000000             0.0000000000             4.6713137627             
1607.5321044922          1607.5321044922          0.0000000000             0.0000000000             4.6713137627             
1607.5321044922          1607.5321044922          0.0000000000             0.0000000000             4.6713137627             
1607.5321044922          1607.5321044922          0.0000000000             0.0000000000             4.6713137627             
1607.5321044922          1607.5321044922          0.0000000000             0.0000000000             4.6713137627             
1607.5321044922          1607.5321044922          0.0000000000             0.0000000000             4.6713137627             
1607.5321044922          1607.5321044922          0.0000000000             0.0000000000             4.6713137627             
1607.5321044922          1607.5321044922          0.0000000000             0.0000000000             4.6713137627             
1607.5321044922          1607.5321044922          0.0000000000             0.0000000000             4.6713137627             
1607.5321044922          1607.5321044922          0.0000000000             0.0000000000             4.6713137627             
1607.5321044922          1607.5321044922          0.0000000000             0.0000000000             4.6713137627             
