Bezalo 6h a skocilo 5000 random swaps

2937.4382324219          0.1506347656             0.0051278370             3.3844113350             6.1051802635
2937.5690917969          -0.1308593750            -0.0044548810            3.3801071644             6.1009974480
2937.4182128906          0.1508789062             0.0051361825             3.3850696087             6.1058201790
2937.6013183594          -0.1831054688            -0.0062335515            3.3790469170             6.0999674797
2937.8591308594          -0.2578125000            -0.0087762931            3.3705673218             6.0917263031
2937.9182128906          -0.0590820312            -0.0020110575            3.3686239719             6.0898375511
2937.5673828125          0.3508300781             0.0119414516             3.3801634312             6.1010518074
2937.8266601562          -0.2592773438            -0.0088262605            3.3716354370             6.0927639008
2937.9257812500          -0.0991210938            -0.0033739598            3.3683750629             6.0895957947
2937.6462402344          0.2795410156             0.0095149111             3.3775694370             6.0985312462
2937.3969726562          0.2492675781             0.0084852818             3.3857681751             6.1064991951
2937.4633789062          -0.0664062500            -0.0022607176            3.3835840225             6.1043763161
2937.5886230469          -0.1252441406            -0.0042636837            3.3794646263             6.1003727913
2937.2102050781          0.3784179688             0.0128819253             3.3919110298             6.1124691963
2937.2524414062          -0.0422363281            -0.0014379743            3.3905220032             6.1111187935
2937.3823242188          -0.1298828125            -0.0044219154            3.3862500191             6.1069669724
2937.2568359375          0.1254882812             0.0042721126             3.3903772831             6.1109786034
2937.3142089844          -0.0573730469            -0.0019532866            3.3884904385             6.1091446877
2937.4873046875          -0.1730957031            -0.0058929925            3.3827972412             6.1036119461
2936.8928222656          0.5944824219             0.0202377867             3.4023504257             6.1226139069
