BLOCK SIZE: (1, 64), SPARSITY: 0.5, MAX ITER: 10, SHAPE: (2, 1000)
BLOCK                    TETRIS                   DIFF                     DIFF %                   TOTAL DIFF %             
9.5556488037             5.2098197937             4.3458290100             45.4791641235            45.4791641235            
5.2098197937             5.2087664604             0.0010533333             0.0202182289             45.4901847839            
5.2087664604             5.2087664604             0.0000000000             0.0000000000             45.4901847839            
5.2087664604             5.2087669373             -0.0000004768            -0.0000091545            45.4901809692            
5.2087669373             5.2087664604             0.0000004768             0.0000091545             45.4901847839            
5.2087664604             5.2087669373             -0.0000004768            -0.0000091545            45.4901809692            
5.2087669373             5.2087659836             0.0000009537             0.0000183090             45.4901885986            
5.2087659836             5.2087669373             -0.0000009537            -0.0000183090            45.4901809692            
5.2087669373             5.2087669373             0.0000000000             0.0000000000             45.4901809692            
5.2087669373             5.2087664604             0.0000004768             0.0000091545             45.4901847839            
BLOCK                    ORIG TETRIS              DIFF                     DIFF %                   TOTAL DIFF %             
9.5556488037             5.2123231888             4.3433256149             45.4529647827            45.4529647827            
5.2123231888             5.2123231888             0.0000000000             0.0000000000             45.4529647827            
5.2123231888             5.2123231888             0.0000000000             0.0000000000             45.4529647827            
5.2123231888             5.2123231888             0.0000000000             0.0000000000             45.4529647827            
5.2123231888             5.2123231888             0.0000000000             0.0000000000             45.4529647827            
5.2123231888             5.2123231888             0.0000000000             0.0000000000             45.4529647827            
5.2123231888             5.2123231888             0.0000000000             0.0000000000             45.4529647827            
5.2123231888             5.2123231888             0.0000000000             0.0000000000             45.4529647827            
5.2123231888             5.2123231888             0.0000000000             0.0000000000             45.4529647827            
5.2123231888             5.2123231888             0.0000000000             0.0000000000             45.4529647827            
